image: /home/quandinh/map.pgm
resolution: 0.050000
origin: [-104857.617188, -104857.617188, 0.000000]
negate: 0
occupied_thresh: 0.65
free_thresh: 0.196

